%YAML:1.0
cameraMatrix: !!opencv-matrix
   rows: 3
   cols: 3
   dt: d
   data: [ 1.0792547139263042e+03, 0., 9.3577640051337164e+02, 0.,
       1.0830358432402825e+03, 5.4518745697312215e+02, 0., 0., 1. ]
distortionCoefficients: !!opencv-matrix
   rows: 1
   cols: 5
   dt: d
   data: [ 7.1707247553899151e-02, -1.0351956920378935e-01,
       3.5979748743789224e-03, 2.1174239885001327e-03,
       2.9982054492244559e-02 ]
rotation: !!opencv-matrix
   rows: 3
   cols: 3
   dt: d
   data: [ 1., 0., 0., 0., 1., 0., 0., 0., 1. ]
projection: !!opencv-matrix
   rows: 4
   cols: 4
   dt: d
   data: [ 1.0792547139263042e+03, 0., 9.3577640051337164e+02, 0., 0.,
       1.0830358432402825e+03, 5.4518745697312215e+02, 0., 0., 0., 1.,
       0., 0., 0., 0., 1. ]
