%YAML:1.0
cameraMatrix: !!opencv-matrix
   rows: 3
   cols: 3
   dt: d
   data: [ 3.6869023639594229e+02, 0., 2.5514140137691015e+02, 0.,
       3.6964232017337088e+02, 2.0989391335764245e+02, 0., 0., 1. ]
distortionCoefficients: !!opencv-matrix
   rows: 1
   cols: 5
   dt: d
   data: [ 1.0448766514283014e-01, -2.8355034987432526e-01,
       2.1095821100014923e-03, -7.6136755976283460e-04,
       8.1612447440587960e-02 ]
rotation: !!opencv-matrix
   rows: 3
   cols: 3
   dt: d
   data: [ 1., 0., 0., 0., 1., 0., 0., 0., 1. ]
projection: !!opencv-matrix
   rows: 4
   cols: 4
   dt: d
   data: [ 3.6869023639594229e+02, 0., 2.5514140137691015e+02, 0., 0.,
       3.6964232017337088e+02, 2.0989391335764245e+02, 0., 0., 0., 1.,
       0., 0., 0., 0., 1. ]
