%YAML:1.0
depthShift: -2.1174095913382040e+01
