%YAML:1.0
rotation: !!opencv-matrix
   rows: 3
   cols: 3
   dt: d
   data: [ 9.9995962152571038e-01, -5.8439950370128800e-03,
       -6.8266419391612831e-03, 5.8660006977767302e-03,
       9.9997764934742184e-01, 3.2079341356139957e-03,
       6.8077422080914472e-03, -3.2478496905065388e-03,
       9.9997155265458226e-01 ]
translation: !!opencv-matrix
   rows: 3
   cols: 1
   dt: d
   data: [ -5.1808858131096716e-02, 7.3877798320573756e-04,
       -4.4334526551627939e-03 ]
essential: !!opencv-matrix
   rows: 3
   cols: 3
   dt: d
   data: [ 3.1036046427423421e-05, 4.4309541247586695e-03,
       7.5297919104438753e-04, -4.0805722888566541e-03,
       -1.4235830853297671e-04, 5.1837649900444781e-02,
       -1.0426589504259659e-03, -5.1803382754440845e-02,
       -1.6115603176204661e-04 ]
fundamental: !!opencv-matrix
   rows: 3
   cols: 3
   dt: d
   data: [ 1.9663892547222428e-08, 2.8001435905714889e-06,
       -4.1685751171213000e-04, -2.5763525964325391e-06,
       -8.9649318456528616e-08, 1.2742924669826154e-02,
       6.7322727693349858e-04, -3.7903180510096099e-02, 1. ]
