%YAML:1.0
depthShift: -4.3433986255722587e+01
