%YAML:1.0
cameraMatrix: !!opencv-matrix
   rows: 3
   cols: 3
   dt: d
   data: [ 1.0619907332861383e+03, 0., 9.2339183428626086e+02, 0.,
       1.0622751562961271e+03, 5.5711049027176614e+02, 0., 0., 1. ]
distortionCoefficients: !!opencv-matrix
   rows: 1
   cols: 5
   dt: d
   data: [ 8.8051273184917775e-02, -1.6576003862627964e-01,
       1.2032296767142193e-03, -4.4235287236456316e-03,
       7.8456227550547097e-02 ]
rotation: !!opencv-matrix
   rows: 3
   cols: 3
   dt: d
   data: [ 1., 0., 0., 0., 1., 0., 0., 0., 1. ]
projection: !!opencv-matrix
   rows: 4
   cols: 4
   dt: d
   data: [ 1.0619907332861383e+03, 0., 9.2339183428626086e+02, 0., 0.,
       1.0622751562961271e+03, 5.5711049027176614e+02, 0., 0., 0., 1.,
       0., 0., 0., 0., 1. ]
