%YAML:1.0
cameraMatrix: !!opencv-matrix
   rows: 3
   cols: 3
   dt: d
   data: [ 3.5640300091353242e+02, 0., 2.5102080004443957e+02, 0.,
       3.5628071239741013e+02, 2.0470528060098326e+02, 0., 0., 1. ]
distortionCoefficients: !!opencv-matrix
   rows: 1
   cols: 5
   dt: d
   data: [ 1.1206824918339114e-01, -4.1908998399203629e-01,
       -4.2389227149994919e-03, -2.8764018486560519e-03,
       2.8951045072878334e-01 ]
rotation: !!opencv-matrix
   rows: 3
   cols: 3
   dt: d
   data: [ 1., 0., 0., 0., 1., 0., 0., 0., 1. ]
projection: !!opencv-matrix
   rows: 4
   cols: 4
   dt: d
   data: [ 3.5640300091353242e+02, 0., 2.5102080004443957e+02, 0., 0.,
       3.5628071239741013e+02, 2.0470528060098326e+02, 0., 0., 0., 1.,
       0., 0., 0., 0., 1. ]
