%YAML:1.0
rotation: !!opencv-matrix
   rows: 3
   cols: 3
   dt: d
   data: [ 9.9996879671523986e-01, 4.5638772853007614e-03,
       6.4479934863470624e-03, -4.4257630410483272e-03,
       9.9976388644957392e-01, -2.1274021076133239e-02,
       -6.5435630492682688e-03, 2.1244819965534806e-02,
       9.9975288917174532e-01 ]
translation: !!opencv-matrix
   rows: 3
   cols: 1
   dt: d
   data: [ -5.3129522405265923e-02, 8.0902004662043758e-04,
       1.2072525209458132e-02 ]
essential: !!opencv-matrix
   rows: 3
   cols: 3
   dt: d
   data: [ 4.8136262200961228e-05, -1.2052487237429358e-02,
       1.0656512847548047e-03, 1.1724492127379879e-02,
       1.1838246619343892e-03, 5.3194237088893932e-02,
       -5.7385612588777132e-04, -5.3120670073312497e-02,
       1.1250620234235877e-03 ]
fundamental: !!opencv-matrix
   rows: 3
   cols: 3
   dt: d
   data: [ 6.6173335864074632e-08, -1.6574345385677379e-05,
       3.8983612920931304e-03, 1.6113445192064796e-05,
       1.6275366987309007e-06, 2.1677578256080441e-02,
       -9.8758618053576483e-03, -6.3181066685158827e-02,
       9.9999999999999989e-01 ]
