%YAML:1.0
rotation: !!opencv-matrix
   rows: 3
   cols: 3
   dt: d
   data: [ 9.9995060208295361e-01, -9.4837082637758193e-03,
       -2.9753439307294155e-03, 9.4796671376414909e-03,
       9.9995412930209471e-01, -1.3693803887165599e-03,
       2.9881942537355426e-03, 1.3411074740943662e-03,
       9.9999463604853644e-01 ]
translation: !!opencv-matrix
   rows: 3
   cols: 1
   dt: d
   data: [ -4.7493013068011014e-02, -6.4528064390333715e-04,
       6.1514509236769668e-02 ]
essential: !!opencv-matrix
   rows: 3
   cols: 3
   dt: d
   data: [ -5.8506529561210799e-04, -6.1512552913994101e-02,
       -5.6104042007892678e-04, 6.1653388896887658e-02,
       -5.1969242479809555e-04, 4.7309731496084639e-02,
       1.9503081313521607e-04, -4.7496954183730997e-02,
       6.3116068848938618e-05 ]
fundamental: !!opencv-matrix
   rows: 3
   cols: 3
   dt: d
   data: [ 2.9097075828936759e-07, 3.0536506917919994e-05,
       -6.2949024605989052e-03, -3.0669099503947549e-05,
       2.5804833091361041e-07, -4.9398028002788682e-04,
       1.6214317671563980e-02, -3.7181506761243574e-03, 1. ]
