%YAML:1.0
cameraMatrix: !!opencv-matrix
   rows: 3
   cols: 3
   dt: d
   data: [ 3.4082114517262090e+02, 0., 2.4716321874998204e+02, 0.,
       3.4144120827561431e+02, 2.0690257604858542e+02, 0., 0., 1. ]
distortionCoefficients: !!opencv-matrix
   rows: 1
   cols: 5
   dt: d
   data: [ 6.9655651052806217e-02, -2.7100506991761403e-01,
       1.7073933017964322e-03, -2.4813619967583282e-04,
       1.6933155493391361e-01 ]
rotation: !!opencv-matrix
   rows: 3
   cols: 3
   dt: d
   data: [ 1., 0., 0., 0., 1., 0., 0., 0., 1. ]
projection: !!opencv-matrix
   rows: 4
   cols: 4
   dt: d
   data: [ 3.4082114517262090e+02, 0., 2.4716321874998204e+02, 0., 0.,
       3.4144120827561431e+02, 2.0690257604858542e+02, 0., 0., 0., 1.,
       0., 0., 0., 0., 1. ]
