%YAML:1.0
depthShift: -6.6555476300984012e+01
