%YAML:1.0
cameraMatrix: !!opencv-matrix
   rows: 3
   cols: 3
   dt: d
   data: [ 1.0553770193470273e+03, 0., 9.3210024160758815e+02, 0.,
       1.0551363141059633e+03, 5.4086679709638645e+02, 0., 0., 1. ]
distortionCoefficients: !!opencv-matrix
   rows: 1
   cols: 5
   dt: d
   data: [ 6.6959331027558799e-02, -1.1769568116895658e-01,
       4.2593115541016900e-04, -3.5811991405354073e-03,
       3.6105528383736353e-02 ]
rotation: !!opencv-matrix
   rows: 3
   cols: 3
   dt: d
   data: [ 1., 0., 0., 0., 1., 0., 0., 0., 1. ]
projection: !!opencv-matrix
   rows: 4
   cols: 4
   dt: d
   data: [ 1.0553770193470273e+03, 0., 9.3210024160758815e+02, 0., 0.,
       1.0551363141059633e+03, 5.4086679709638645e+02, 0., 0., 0., 1.,
       0., 0., 0., 0., 1. ]
