image: playpen_map.pgm
resolution: 0.050000
origin: [-117.600000, -114.400000, 0.000000]
negate: 0
occupied_thresh: 0.65
free_thresh: 0.196

